REACT_APP_TANKKOENIG_API_KEY=6edebc65-6d38-c726-f637-e0244f738dab
REACT_APP_LATITUTE=50.3891979
REACT_APP_LONGITUTE=8.104786
